83.7760548592
99.2446289062
48.7651560307
71.7117660046
79.7162418365
82.1768839359
49.4446401596
110.657914162
90.3408429623
115.834730864
123.595074892
91.4841840267
76.7492241859
79.8030087948
67.8104271889
73.6620841026
101.966865063
75.5037088394
87.2225279808
47.7367579937
67.3939669132
71.9787490368
54.8097321987
130.181813955
73.8492860794
84.904088974
73.9479000568
96.4401869774
71.5827682018
103.781834841
72.867413044
59.1779749393
68.7896468639
61.8190338612
123.699341059
80.8945348263
57.8774180412
82.0820229053
81.2525088787
94.5432269573
49.358399868
144.455385923
90.6532831192
85.6810150146
79.5587279797
92.437445879
73.3807280064
62.3791599274
90.2420101166
57.6291091442
85.545055151
60.1626257896
82.8335139751
65.8608679771
81.3713979721
80.1274499893
61.6853098869
65.1060340405
133.483573914
52.333343029
105.092140913
91.500838995
51.9601390362
37.9952709675
81.8331410885
53.2012870312
63.1500449181
79.5531439781
82.4429321289
64.2293729782
85.003234148
89.6808919907
71.2297070026
65.6553292274
75.0953321457
80.0301470757
70.2930669785
50.1324369907
67.4298489094
82.1150240898
61.1720969677
58.4391150475
54.5807700157
91.6503300667
71.4734838009
82.4372959137
68.483907938
67.6199140549
63.3325591087
118.640779972
53.6796450615
78.3863611221
53.8002150059
63.5218541622
70.5359179974
79.8715240955
100.346150875
76.0738098621
62.365732193
124.015388012
76.90082407
51.2959029675
100.761734009
126.035573959
67.2839169502
93.1613059044
78.0275969505
109.766796112
65.4265329838
100.013025999
62.282574892
57.5838639736
94.7912809849
59.5317389965
112.433083057
72.8790400028
101.528367996
68.110970974
117.99081111
52.6928880215
78.4943988323
50.0862290859
84.2290451527
83.3377840519
75.874767065
69.495828867
62.2317259312
86.9862179756
78.7131888866
70.95226717
59.5624158382
69.2954509258
70.6511769295
90.2594070435
54.9390318394
83.2262191772
76.0401010513
139.513149977
65.3374750614
99.159979105
74.7820980549
52.0665559769
60.4789218903
84.9073569775
69.5981969833
54.3424730301
57.3022811413
75.7325329781
65.7418351173
59.3327891827
123.56415081
89.0984640121
64.7379050255
68.5390181541
86.2528738976
151.108725071
63.4109280109
64.5968909264
92.763078928
64.8358860016
156.243898869
81.4784488678
65.5646491051
48.3247170448
46.3956139088
68.8840470314
64.0721540451
76.3298461437
66.3334159851
63.7152178288
107.649276018
56.3108761311
52.1868679523
58.417113781
42.2316350937
55.8785459995
82.6201770306
106.359591961
74.4281020164
83.2447190285
104.282423973
76.4024338722
148.950095892
93.4572958946
59.6483030319
48.6201181412
85.0959749222
48.9460229874
54.7554118633
126.577847958
65.6345000267
67.5896279812
59.4363090992
84.0062329769
65.4013960361
86.216629982
57.1799170971
68.2085831165
65.8818380833
72.3899328709
138.309308052
53.5006492138
59.3576028347
53.4797990322
74.0374529362
59.1783790588
81.76101017
85.7732961178
60.1382610798
67.7394559383
63.3227880001
50.4107439518
63.6733090878
59.370814085
69.0092480183
45.4482448101
48.5821230412
41.6040890217
88.6435649395
100.748033047
91.3104629517
100.902083874
85.8250579834
97.8206479549
97.3459560871
88.5767600536
82.0564899445
142.091860056
106.195241928
80.2733008862
79.165719986
91.5203101635
106.906219006
93.0350880623
82.3650300503
110.67614913
92.179017067
72.8629789352
95.5618519783
63.6210958958
67.8634800911
56.2980010509
80.309718132
82.363645792
81.8573999405
44.8141109943
78.2800710201
50.1348428726
61.881029129
66.5856518745
121.431294918
40.6446318626
82.1040811539
77.6286649704
71.4940149784
49.7289509773
82.7370579243
95.9916911125
63.8899519444
64.3550579548
68.0991549492
76.6418459415
74.9238200188
96.6001579762
66.7850840092
76.8661859035
119.990677118
43.8254408836
75.1569199562
74.1317110062
65.1306169033
65.6702609062
51.4705638885
69.235378027
87.2460951805
103.162124872
71.3225231171
105.999423027
71.3392670155
85.1641309261
102.929145098
58.3322038651
55.322717905
71.4465119839
51.3729579449
79.6822199821
103.667111874
55.7274959087
48.2856500149
58.8197529316
114.290011168
74.5458738804
95.5481948853
89.5345358849
59.5089869499
78.0100901127
62.7596070766
139.972656012
61.7257299423
73.7079119682
128.744543076
94.9530930519
53.3238070011
54.7501029968
64.7152709961
97.6945137978
103.661216021
90.9464588165
123.93078208
91.9229829311
109.425434113
66.7282090187
55.3989021778
54.843859911
49.2270948887
74.2733089924
99.9175209999
64.0468459129
77.6126139164
71.1689391136
88.3012959957
82.5331761837
69.2309138775
70.8455328941
72.1847450733
137.012613058
82.7549140453
99.5560019016
81.1081988811
120.225728035
103.956681967
61.9162359238
85.2139158249
113.224822998
81.9924030304
88.8671309948
120.783145905
48.6055920124
56.7552030087
81.1491470337
69.7885420322
140.764732838
81.8200728893
89.0583560467
83.5497758389
86.4207570553
96.9689838886
61.5525209904
56.6423659325
71.2158250809
75.0464379787
74.3228371143
110.302723885
60.8589971066
65.2789390087
95.4648809433
79.6407060623
72.300994873
81.1408979893
77.9773690701
70.66259408
69.0571880341
67.1814961433
72.9495539665
88.725249052
53.483412981
96.2500560284
101.136855841
56.4777359962
56.7017841339
83.1006269455
77.5804231167
74.6701600552
80.3435139656
60.8266949654
138.710404158
63.8827250004
81.9434101582
77.5743157864
74.0855920315
66.8949160576
66.4668288231
104.621280909
66.8771128654
65.2865929604
98.6770391464
59.5917198658
73.0478229523
80.0231189728
60.2605178356
69.2656710148
91.6856689453
55.0229330063
56.8304040432
113.281150103
85.2236330509
44.2728960514
74.8029389381
89.786646843
116.294798851
83.2800590992
82.9723260403
92.1082820892
105.978933096
59.1699380875
70.8075199127
54.7004239559
51.335160017
62.7337770462
105.64300108
35.5657300949
205.983615875
76.4221260548
68.5404338837
79.5907640457
120.907521009
96.6722941399
70.3904099464
45.3460180759
97.9355170727
75.5809659958
109.583716869
82.5995399952
54.1014451981
43.5946879387
79.7676830292
74.2758560181
61.308193922
79.9948329926
104.791583061
146.936367989
52.1426482201
50.0108289719
73.2371778488
71.7878670692
73.3671810627
68.1982870102
74.2638010979
58.3796410561
118.244391918
88.0482211113
106.013499022
92.8263440132
64.3613529205
54.5822410583
62.4004502296
60.1606030464
75.225178957
66.2080438137
80.7050681114
74.5780699253
91.1647260189
80.5818707943
76.8499000072
61.2088630199
48.8058190346
58.1181800365
77.0236999989
71.2828638554
70.6004140377
113.994576931
143.77323103
40.8468549252
92.7095181942
76.1760179996
67.8876399994
51.1552951336
68.186907053
81.8264751434
116.906987906
124.208915949
85.193926096
70.120100975
104.963707924
83.4264700413
57.7076721191
64.0837309361
75.3430190086
54.8972489834
67.1278789043
119.609654188
54.8483440876
45.7417080402
71.0624141693
52.9957311153
48.9058759212
116.490046978
37.8572921753
91.6437799931
66.8050191402
85.8513958454
72.6891639233
114.852987051
60.5807759762
98.0487279892
102.041543961
84.2052099705
96.0345759392
136.526906013
57.5160460472
51.0959379673
65.5631399155
69.526143074
105.66210413
58.729788065
68.4408249855
75.1429059505
51.453045845
58.4066121578
56.5996448994
81.2199549675
93.2924318314
100.795953035
47.2488598824
54.7596650124
82.0052888393
122.81994009
80.7398099899
83.2101900578
101.596176863
61.2377510071
49.5116550922
38.8203058243
88.1132891178
81.4349448681
56.4275860786
98.8681838512
81.4378380775
112.253530979
157.835536957
49.5220649242
133.74219203
100.780997992
71.782531023
185.845978022
45.3782820702
84.7130060196
60.4038960934
59.7056128979
42.9308769703
64.6742870808
103.92936492
47.7254509926
59.0942120552
59.2218589783
119.87173605
130.660411835
74.6051270962
100.652775049
117.59264493
130.64963913
74.4630739689
78.7116160393
149.565303087
86.2904019356
157.800386906
72.6051449776
65.7169311047
99.0125029087
73.3187820911
76.0330049992
82.9257149696
74.1213560104
62.4563419819
110.077237844
87.8163690567
127.059926033
70.5191400051
67.4841578007
53.3302309513
71.8588700294
41.1437079906
62.4529938698
65.3625230789
90.6504330635
65.8385789394
83.9096968174
118.921005964
120.397875071
46.4947900772
70.2717969418
93.8348498344
111.355489969
98.6486680508
64.195704937
61.8957178593
101.311377048
98.9994051456
64.4882891178
77.7449018955
64.0707008839
86.5509929657
71.4537301064
77.0064079762
120.698657036
181.971221924
96.8946368694
66.6608390808
57.0032279491
65.6041901112
77.8375999928
52.0144181252
70.194892168
55.000592947
69.4615299702
73.3525230885
115.26967597
79.1162569523
62.6846380234
63.1658890247
105.680042982
48.9655320644
54.9717488289
52.2011709213
124.046379089
90.5164518356
55.9739329815
62.9758188725
106.249950886
79.0420691967
87.246311903
62.0305809975
60.3284289837
77.7939169407
72.228523016
54.0835740566
75.5613260269
83.1010370255
74.8854320049
82.2831270695
61.6497747898
69.47260499
97.8499660492
67.3026850224
60.2737619877
87.6671509743
46.6935629845
58.2954111099
84.0964949131
138.188788891
91.5125129223
66.7041721344
108.278889179
61.3610749245
71.1500270367
82.0767979622
118.456521034
66.0541980267
67.8126111031
100.930667877
77.6899189949
52.6918330193
84.400883913
119.40249896
76.7718281746
96.1525449753
50.8077430725
72.2236571312
53.4668488503
57.5336868763
55.3049461842
108.437020063
123.609385014
52.3845250607
74.4270961285
76.3998019695
76.3624210358
97.0872981548
149.337555885
100.490777969
68.0365850925
98.9260549545
50.3662340641
82.3439838886
87.8307580948
118.330166817
61.897439003
100.83129096
83.2345061302
57.399479866
94.5156538486
64.1677308083
128.956601858
60.9347519875
76.2834069729
74.2175958157
75.6642248631
66.1090109348
39.2043220997
89.0348539352
49.1264998913
88.0507509708
61.7290949821
64.3008570671
71.3030061722
84.7130248547
84.6300320625
81.7646760941
72.642275095
65.6728601456
46.1382100582
64.0718028545
90.9626231194
98.1159801483
88.2156531811
69.888876915
58.2687687874
60.167484045
57.4791140556
63.8309600353
70.1681292057
44.7907650471
54.3630259037
73.7480700016
70.5299620628
77.6347990036
97.8169529438
73.8672389984
110.507932901
53.0621221066
61.4018220901
107.947212934
129.66353488
118.901894093
68.2492129803
71.2732489109
124.885403156
89.9004311562
90.7128858566
60.6318089962
74.7796218395
61.045386076
65.0897481441
61.494852066
70.7375710011
53.2941298485
75.9416611195
80.1093931198
69.6519181728
99.5535771847
104.472311974
79.6354899406
60.785807848
88.2086651325
72.4489789009
49.674533844
53.7206830978
98.4111790657
96.5344860554
57.5396361351
51.5084638596
90.2280950546
62.5575690269
90.9315438271
80.8715980053
112.87066102
61.3600301743
44.7864570618
69.2086629868
61.1987349987
100.921279907
47.7517111301
64.1563129425
63.6916639805
61.64397192
44.1432881355
61.5736548901
68.5808010101
49.8653481007
60.6037900448
79.112434864
62.927811861
117.52797699
88.6562669277
67.995486021
72.3674998283
72.6141450405
49.2173740864
100.835503101
48.9604101181
162.108863831
55.3843309879
63.3992278576
47.2602858543
65.6332120895
54.0623440742
92.8631839752
47.2567169666
59.9058630466
123.65434289
50.4470899105
100.982757092
52.9997358322
60.2750871181
85.2180719376
92.0842840672
89.9622240067
63.2297461033
78.4304099083
96.8968560696
86.9438920021
79.0528299809
80.583616972
61.3315029144
57.3942940235
85.4227311611
80.0240190029
65.3035070896
125.122400999
68.0029239655
71.7368748188
90.4006891251
53.9496181011
67.4948749542
86.554199934
72.5535359383
55.1620028019
142.816483021
98.0588130951
97.5592148304
99.5559270382
85.398722887
74.6820290089
76.5328891277
48.8756759167
80.7966630459
74.3782849312
79.5620219707
66.6175720692
54.5368189812
69.7227790356
72.5985999107
98.6592741013
78.3979301453
59.1376390457
93.5141451359
110.010432005
66.8025450706
106.828279972
73.0722329617
62.0074169636
94.5711910725
94.9986908436
105.793417931
94.3585288525
110.754192829
76.9207968712
61.2640781403
53.1186211109
65.6845221519
78.7145709991
73.6516640186
64.8539299965
61.4968430996
64.0190689564
42.9417951107
128.511679888
81.507778883
69.5246150494
67.4593579769
51.3908250332
106.878926039
43.0171170235
59.2191159725
84.8677289486
130.566126108
65.087597847
71.0612678528
85.3369309902
79.4382960796
73.149271965
64.2997319698
64.7362339497
64.3131709099
56.8133709431
86.8518669605
61.7713201046
61.5321578979
84.2233462334
55.1495978832
80.5254318714
62.0104148388
50.9156839848
82.4386701584
80.1825249195
57.4913721085
131.265974998
101.716443062
82.3862588406
57.297066927
43.7297749519
66.3687710762
88.1860198975
64.7754099369
71.5020000935
70.0754129887
97.1064300537
87.7795269489
54.7982578278
102.339222908
69.1736080647
109.912471056
111.858746052
110.918554783
93.4000198841
89.6006610394
68.5347959995
71.1575698853
55.8075790405
66.4189558029
68.2301900387
66.0718870163
71.984511137
72.3493599892
74.8439478874
67.4570679665
130.809213877
78.2636480331
66.4474458694
61.0212619305
66.9971680641
93.7463269234
71.3484311104
70.7988510132
67.2814428806
47.4638361931
57.4029779434
94.7126750946
49.1157979965
95.7362527847
53.0469779968
76.5224270821
57.2877681255
50.566934824
128.309773207
73.9709758759
58.6123430729
62.7928249836
85.8229000568
86.1459269524
112.903920889
79.1013839245
70.2020888329
97.9791538715
108.296822071
66.8286001682
100.27069211
65.305095911
47.5868020058
94.854321003
96.6603808403
69.7069289684
84.8029179573
81.8262250423
76.0596458912
111.568492889
122.686301947
70.241820097
99.5311360359
51.6453149319
74.3382220268
87.486205101
64.8107290268
51.6384580135
88.717828989
99.9181380272
60.0546569824
74.0487129688
113.618363142
145.186103106
100.070523977
56.160556078
64.1319339275
46.809910059
41.5390689373
66.9509899616
60.7447462082
85.8327159882
46.4659340382
47.7966890335
70.5353689194
69.4316959381
59.1255750656
86.5068869591
91.5780780315
69.3121688366
91.8630199432
63.9029860497
69.4803550243
81.8894128799
66.8708200455
102.471875191
111.234927893
94.4047539234
79.4493908882
60.1762628555
76.4988269806
85.6264119148
66.0912101269
91.0526139736
69.283053875
105.522171021
100.822801113
57.0591330528
58.3848979473
63.4894249439
65.8019590378
91.2678790092
94.0634460449
57.9880599976
60.0897910595
53.5451040268
88.208468914
57.4010140896
49.7104759216
78.6816930771
68.2585289478
44.1439590454
91.8752338886
68.9168229103
60.4448280334
71.1752800941
82.9158089161
81.0455110073
145.30398798
59.9436211586
132.479605198
97.2013199329
55.0759561062
76.5704219341
58.7706530094
89.3894379139
57.6221818924
86.1054000854
72.7681407928
105.60553813
68.9971759319
86.5136549473
109.065232038
93.2326779366
113.958775997
94.0803210735
67.7497022152
69.3616929054
184.062269211
72.5203812122
113.903059006
65.5410819054
78.6817908287
62.251969099
104.8948071
144.276278019
67.3519160748
80.3381550312
116.288926125
68.9347970486
60.2422688007
65.072165966
100.520915031
63.755865097
97.6543369293
95.0739789009
65.8148748875
108.16257906
57.0944700241
82.0826330185
64.9273459911
89.0539979935
74.5086040497
65.2922849655
72.1633629799
75.9006521702
68.236135006
63.7380549908
53.5703721046
39.2312669754
67.5385389328
65.64123106
77.0197870731
139.303619146
92.3631880283
102.563575029
59.0680789948
105.103479862
59.5049271584
89.0569992065
83.4473900795
58.6226890087
77.8943538666
85.607446909
56.3136291504
105.20526886
47.7942399979
79.348544836
85.5301699638
61.6307399273
69.9332709312
58.3117640018
69.3627989292
85.5337519646
102.958450079
56.9312229156
58.3304538727
70.9363160133
86.3923509121
95.7287430763
97.5571410656
116.984276056
58.8415019512
102.481719971
62.5199589729
88.691642046
101.386427164
68.5752801895
54.7930529118
61.9978098869
82.7813608646
74.1041178703
42.710299015
86.9030399323
95.8031599522
65.985845089
119.458795071
68.824308157
57.9685561657
61.8654358387
50.9753909111
67.4278781414
73.5245089531
58.0689477921
77.764947176
76.8647310734
75.6336410046
121.937570095
115.498034
89.6821742058
113.638860941
98.3855040073
78.5074529648
46.4764168262
84.3498151302
63.4857299328
62.857391119
42.5575978756
82.5582170486
57.2292318344
106.740537167
49.1887428761
126.259627819
71.2790379524
78.3553180695
86.1161990166
86.0655810833
106.363913059
78.3490929604
69.1463520527
97.8470668793
79.1540379524
94.755546093
91.3080940247
64.8802199364
81.4807808399
55.6177158356
58.3770370483
73.5505168438
127.050773859
57.0349090099
110.422018051
80.2119870186
68.019744873
103.22774601
82.6266269684
72.5467960835
97.9138159752
62.2267389297
63.0484759808
62.6102399826
75.1021049023
74.2413170338
110.622731924
92.7945718765
73.6154360771
111.117552042
52.621119976
115.681862116
53.4820199013
96.9712791443
79.6550018787
59.7378590107
99.7492160797
92.6228449345
45.9140210152
68.2676899433
108.36673522
72.9977529049
51.089081049
67.5440311432
57.9959061146
67.2005710602
62.4771878719
109.614140034
72.1404099464
76.3075749874
63.9541110992
82.5017170906
66.3474421501
79.420773983
75.8430559635
95.8576369286
88.4629719257
70.2194130421
142.25720787
61.8242990971
97.5952348709
111.867425919
66.2535750866
49.0854661465
117.589905977
79.4612808228
102.391373873
68.775192976
77.6552498341
66.5460910797
62.4403588772
62.1755678654
85.7262709141
98.2757380009
93.2333419323
113.402206898
95.9937200546
56.7388989925
76.8585329056
72.9160752296
92.5711109638
108.034147024
60.0745940208
55.67730093
140.066513062
57.3745808601
63.0425429344
86.9234099388
70.2222599983
72.9716520309
64.131180048
75.4130051136
64.0686428547
76.590337038
68.6500048637
49.7779397964
54.0675780773
98.4959549904
46.820374012
108.922478914
85.2142460346
69.7896101475
95.8754858971
113.775151014
72.6785161495
68.3320469856
105.808729172
60.0226221085
79.9674861431
68.3720669746
60.4985539913
47.5412728786
100.853138924
61.8955869675
54.9425430298
80.4444110394
126.635867119
56.9419438839
80.4706289768
63.8315968513
84.3189730644
107.599290848
97.4252259731
60.2403450012
77.0336229801
81.1981310844
96.6212370396
79.5434010029
59.5285329819
61.0369560719
64.3127081394
101.938989878
52.6495709419
81.3836970329
73.2062828541
86.8510930538
124.756786108
81.9991979599
47.1128439903
123.917802811
99.6462500095
64.8962979317
65.8355000019
170.050931931
73.0893740654
105.814713955
50.8436410427
46.231883049
65.4215052128
62.0558140278
66.3067288399
45.3009479046
58.9746751785
112.217725039
121.702480078
87.5066947937
74.027285099
66.7971940041
105.224648952
83.9717800617
71.4865288734
69.7175810337
52.7593290806
67.5071799755
77.6460988522
76.3227639198
64.2081389427
51.8848381042
58.0050702095
59.0593860149
72.8864290714
106.347455978
69.0225348473
78.4706869125
59.2839090824
94.8999311924
60.7281219959
98.3623530865
64.4230380058
67.7902369499
46.9434568882
88.8175549507
52.4253740311
53.7937021255
135.483579159
88.2137629986
63.7443268299
84.0487499237
73.6270439625
67.1209549904
84.53895998
79.4297528267
65.4426579475
65.4271550179
95.2678329945
98.7108850479
60.2731440067
84.7486450672
73.3583950996
85.0102438927
95.729416132
77.2923588753
83.9051809311
83.9667081833
69.7073419094
72.4984409809
46.9468560219
76.8348259926
158.104681969
63.3248398304
102.820327997
38.467512846
72.9343938828
86.4941949844
60.3317050934
82.6200039387
89.5744690895
68.9904220104
89.5809688568
91.9088110924
94.3871269226
99.8864481449
89.6840090752
78.5776650906
112.511830807
85.2191419601
88.8172428608
91.6259901524
67.3523569107
62.627412796
87.0069749355
101.408238888
63.3544969559
101.839547873
67.4010579586
94.8316681385
94.4188539982
81.9231479168
79.6183269024
80.0282008648
103.420684099
93.7800719738
93.2947459221
63.5966849327
65.0911231041
178.222844124
112.615041971
73.7683401108
76.9771940708
56.402315855
80.127781868
64.7295188904
98.9821000099
112.590766907
58.4400088787
86.4210689068
103.296661854
70.0070579052
84.8427350521
66.905921936
117.700209141
75.6109261513
72.8273160458
89.4165430069
54.3086898327
95.1774110794
64.3883788586
74.8871011734
151.080882072
89.1622400284
80.1176860332
84.5841388702
64.4491970539
75.0239508152
91.3993401527
118.63587594
83.5883908272
86.4599788189
77.7571151257
86.3109300137
86.2676589489
51.1690599918
70.7298440933
72.6732370853
61.242223978
98.9207689762
58.8416152
86.7329180241
78.685972929
78.1807329655
87.0262448788
52.3366508484
66.1692609787
81.8661220074
77.9673340321
54.0099849701
73.3846199512
86.340900898
67.336717844
75.3320178986
73.1012630463
123.079056025
58.4240298271
62.0794188976
99.0038189888
71.204408884
101.240468979
61.1403741837
68.0384850502
50.2833039761
79.3307631016
76.2616400719
83.0401718616
60.877876997
53.4242241383
70.8842279911
66.9047529697
67.2911539078
113.096019983
89.4626791477
85.8742110729
85.1199529171
63.7205090523
73.6726830006
117.609586954
93.6098840237
87.0939209461
107.975569963
53.3127529621
54.5317540169
83.5678040981
57.5093929768
84.7777740955
63.3592641354
86.0272321701
75.0005741119
60.8641469479
49.0653557777
68.2428491116
121.445271969
123.606417894
57.6210820675
65.8893699646
62.9181759357
72.833261013
69.5445609093
56.5983941555
88.2222220898
91.4189770222
63.2525291443
74.2345130444
49.9534459114
78.6808168888
80.9451608658
84.8393440247
57.8017671108
111.76016283
74.6085519791
109.306730032
97.5570881367
96.3320999146
108.820300102
60.6567978859
84.4780330658
90.5525691509
60.4736478329
53.83948493
82.7747118473
57.5815610886
113.275616169
67.6461331844
72.9641611576
136.62580204
73.9405930042
73.1949310303
72.7763640881
69.2444291115
99.0929439068
92.7630498409
110.340799809
51.2096951008
53.1788380146
86.2074239254
73.4432780743
67.0736539364
41.8689718246
74.2689011097
102.059998989
77.7236399651
87.2260520458
93.1621451378
59.422511816
77.8895850182
68.4149711132
93.6576309204
65.0358560085
61.6282291412
58.3497719765
59.7463121414
74.5394849777
145.999323845
73.3993878365
94.11668396
65.7419340611
85.2626750469
59.7428689003
54.8543729782
101.261094093
69.740571022
82.1585218906
155.678218126
77.5931901932
99.7013690472
126.523447037
80.8488259315
100.452201128
53.1087498665
96.1633479595
73.0467228889
93.1905078888
83.292828083
65.8047058582
86.9021251202
59.9553279877
56.8482630253
65.2850620747
44.5270252228
52.6492278576
90.9582338333
115.609163046
53.6882488728
61.1820909977
117.338565111
72.5789549351
49.3937990665
122.976251125
79.3078649044
73.3422729969
47.6184318066
75.4738228321
112.609126091
56.9253549576
59.0307068825
86.2250809669
51.1394248009
80.8452839851
104.372895956
58.0039930344
70.0601980686
114.165742874
52.8923289776
62.9401080608
55.2239580154
85.0580391884
110.171762943
72.6157059669
58.7786309719
79.238683939
118.149460077
109.964947939
56.5861170292
73.2695569992
107.665621996
99.0304348469
79.0413401127
60.7120070457
75.7699899673
116.704706907
90.1283688545
68.7089037895
61.5088918209
90.8544309139
62.1151537895
54.9998590946
59.0049529076
110.842158079
61.9198720455
63.4251468182
57.6999299526
85.3317279816
50.4484829903
62.2079949379
73.8925111294
61.4143521786
50.3451340199
60.753674984
82.7387061119
154.613878012
44.824639082
85.6392970085
90.702548027
65.116161108
64.6057219505
51.1639518738
60.9336030483
49.8148720264
59.1098589897
63.1167421341
40.3143179417
88.6015930176
53.1378378868
126.47194314
73.2513148785
104.014091015
109.834792852
82.0773000717
59.3743460178
91.7086629868
77.3584969044
53.940114975
71.0743589401
123.994099855
108.645231962
46.6207141876
99.5710439682
126.893025875
92.6691288948
76.290760994
71.017070055
77.5538108349
79.5702390671
40.8222391605
83.6560840607
49.867921114
53.9617509842
102.198421955
80.7411150932
71.0881409645
54.9345948696
70.675891161
47.7612159252
104.756850958
112.427145004
186.551456928
73.8599169254
75.0672929287
116.489351988
76.5123929977
67.8631448746
60.6512980461
87.0343987942
67.7500917912
61.2785828114
91.2313621044
77.9181580544
104.806602955
71.422991991
61.1297500134
81.6615710258
86.2648599148
69.94836092
51.1443331242
72.7242689133
94.2618570328
88.0111157894
72.1979551315
150.732875109
71.6540939808
79.1389679909
71.2744128704
55.1003351212
35.5061528683
79.0282759666
76.9480230808
53.0153210163
59.0434751511
58.5531480312
65.8699548244
74.9490640163
70.0029790401
79.1696851254
94.7484939098
67.792331934
68.4950520992
61.2317130566
60.4692411423
54.5397548676
72.7744829655
69.5056209564
52.6158270836
125.362815142
89.7013561726
115.938088179
56.7780270576
133.321192026
49.8100249767
52.6496300697
78.5573680401
57.7701821327
91.6928920746
95.6111619473
76.0135731697
70.5011692047
76.6148090363
65.1159789562
68.4187259674
62.2078700066
85.7323689461
68.6058499813
184.063836813
54.2241609097
73.4737389088
72.0893959999
80.1368589401
62.9984769821
76.44541502
66.6375870705
47.1874711514
79.6955091953
101.057235956
60.329666853
46.451540947
136.48010993
106.216387987
61.8831839561
88.1465110779
136.585691929
71.2421011925
57.1477651596
94.7407240868
75.2542450428
104.480566025
91.4714670181
75.8595080376
96.9840428829
98.8143839836
94.9198269844
72.1908240318
73.7355680466
70.9178981781
68.6839699745
65.9813201427
108.061784983
65.6468830109
60.9103829861
96.8490450382
59.7717058659
73.6548950672
48.7652089596
54.0045001507
85.5856220722
48.55519104
70.577288866
90.4333941936
73.4255828857
92.4082348347
55.192373991
44.5162229538
64.1065738201
51.112046957
77.2929010391
65.9000439644
61.433382988
92.6709971428
106.507679939
59.0957341194
60.9793100357
84.1976559162
90.4135951996
58.2652170658
62.6316218376
70.6379468441
46.2746939659
66.0625810623
54.1481800079
56.3332369328
50.0938367844
69.9729681015
49.3273699284
56.2037739754
65.0638279915
101.568812132
64.6548678875
105.94469285
67.8961558342
55.1503851414
96.3320629597
59.8878920078
81.2107229233
72.5013771057
69.1704239845
76.5703861713
70.9517469406
72.8473181725
80.9030799866
59.673404932
77.9887781143
47.4502580166
71.185600996
63.7080631256
85.2587461472
85.1078748703
58.8126502037
84.2195801735
58.8225278854
48.270950079
77.1012609005
56.9733791351
97.9531450272
63.4210820198
62.9618310928
96.4901299477
71.6926138401
97.0311489105
84.7044560909
48.8356478214
66.5682091713
58.1988079548
46.9280240536
61.9211149216
88.2367079258
65.9078140259
68.7384979725
58.8825070858
72.748925209
119.340915918
68.5636911392
71.3264400959
69.6783950329
102.322041035
64.9187569618
98.5009770393
55.6755490303
63.4468820095
60.8876760006
81.5672330856
66.7334649563
92.4794890881
78.2066709995
102.237797976
69.871999979
100.385195971
76.7569978237
57.4789628983
67.7789628506
76.4151439667
56.5950582027
45.3053920269
58.1207840443
81.7865729332
54.5819180012
68.3173940182
64.631319046
48.9350941181
132.234088898
98.5993537903
78.3764789104
58.4515209198
58.3973169327
79.6307740211
50.081430912
57.3420798779
84.2669210434
54.0584740639
56.7386229038
99.3759989738
49.5157830715
68.2572929859
66.9482769966
37.4188499451
73.5835850239
46.1983990669
48.6636919975
106.495207071
75.3937079906
93.8630340099
64.1071400642
50.2287538052
74.3955311775
77.8348522186
77.254971981
104.066606998
60.2108509541
51.8954057693
66.3325300217
50.2500929832
49.8537352085
79.5951828957
67.0568709373
70.4468138218
90.6172189713
86.3470289707
114.530812025
64.1123209
48.8403179646
97.1342279911
55.128264904
45.8043489456
77.2687540054
77.8691298962
107.495666027
72.6957240105
57.6734170914
85.1343271732
53.5562338829
55.4582099915
73.5067081451
55.515681982
52.3783321381
71.5538880825
66.1185741425
43.0796940327
51.2607288361
95.7325839996
60.4387409687
64.7498688698
177.193737984
73.997317791
91.0128381252
115.493443966
55.0926411152
76.7930428982
51.920732975
101.282383204
94.4960370064
115.566668987
75.1482539177
136.634922028
85.4908571243
68.0669739246
87.830717802
68.2620790005
84.0494699478
43.4366309643
50.0286400318
63.4797720909
61.8237121105
91.1723589897
98.2130541801
79.9351069927
77.7538380623
93.3285191059
56.8118708134
98.4787809849
55.5714600086
52.9799408913
56.7965898514
72.8181710243
59.4037139416
47.7663619518
87.3414638042
87.8634772301
73.4634878635
62.3717200756
66.1855359077
69.3084340096
109.885757923
71.3128271103
88.5153288841
41.4835989475
78.7886838913
60.5389780998
89.7807049751
69.8539578915
88.7677252293
58.4314789772
86.8995919228
48.5772719383
106.652046919
76.9302809238
81.3108310699
76.746915102
61.238145113
46.4748160839
67.4652609825
84.3376669884
59.9311919212
52.0161361694
82.3151400089
63.9267868996
74.7062518597
56.8254029751
60.0706810951
80.6638708115
62.7730429173
83.6780359745
39.3177690506
62.2158100605
89.0376770496
45.5303750038
50.3124620914
112.725929022
122.89993
77.1482272148
78.2517170906
119.431207895
39.164837122
47.9272460938
70.9338731766
47.2450258732
73.6443839073
99.5117411613
53.226336956
59.5085659027
54.7330620289
63.3220038414
87.7852320671
71.8847091198
75.7521059513
96.4065070152
79.8608660698
71.0610699654
52.2634260654
82.3295640945
82.3697588444
97.5128531456
101.001508951
51.2330899239
50.4982528687
55.2112379074
64.2623519897
62.194658041
48.890474081
59.5828390121
59.7426650524
80.2594609261
70.2746088505
46.6244409084
81.2359650135
80.1946239471
97.4857001305
84.0714108944
75.1354289055
84.2616560459
60.3617298603
105.692456961
71.3490498066
47.0701210499
85.3591411114
48.7827730179
77.9167819023
58.0394380093
54.8954749107
93.1168940067
76.3558487892
66.4348111153
69.2815701962
82.089578867
64.8656749725
63.3451249599
49.7924180031
80.7780621052
52.2197151184
64.7675571442
65.7560520172
63.7621750832
63.1989510059
68.5272319317
68.5548861027
68.0759150982
71.3527300358
50.0627589226
68.9764959812
71.0139660835
71.0316510201
102.777922153
71.4957430363
103.986224174
52.6968860626
120.517615795
43.9582109451
75.5472159386
65.8848030567
85.9406840801
57.7364120483
67.9350650311
62.2843239307
36.655864954
85.3422091007
69.09998703
136.659010887
85.5787599087
54.934221983
107.20263195
49.4185528755
62.7419171333
101.587945938
68.1376810074
92.6221520901
75.1916708946
77.3677949905
49.0067579746
79.231855154
58.0407319069
33.9905331135
81.309016943
46.1135361195
112.060925961
62.6375701427
96.3130738735
96.4795749187
88.5160830021
73.5300559998
75.8839468956
60.4501309395
60.0583360195
91.4138150215
62.3067669868
76.5397720337
58.2948009968
62.1971769333
64.9575459957
74.9896759987
73.1599080563
78.6925339699
79.5474948883
76.4270091057
63.7816510201
50.9839260578
80.3373889923
58.0315220356
58.7309570312
82.8980031013
61.2180869579
50.0128068924
52.6415429115
62.7390539646
100.086976051
58.6284070015
59.9420950413
70.1747639179
79.4066720009
58.8008110523
78.5094320774
76.1887891293
46.4607288837
65.5704989433
54.2508819103
54.9785261154
51.6518697739
46.2021620274
54.1290838718
61.9443287849
47.9490160942
71.0622599125
57.2397909164
69.8443601131
67.5954887867
73.4916470051
70.8422849178
74.4242990017
96.8388328552
116.785773039
92.232626915
56.5099580288
66.0049529076
93.7297921181
60.2041909695
61.2436490059
75.3530330658
52.5859069824
75.9672701359
74.371833086
59.3131699562
56.5927231312
78.4641580582
92.2705638409
62.9085609913
88.9955279827
76.8144090176
96.7800030708
68.3467059135
75.2511110306
66.3109550476
113.028302908
81.4087479115
56.0936729908
95.1615390778
59.1253249645
66.9759020805
67.4240620136
67.345719099
78.8452839851
66.4871439934
63.8343300819
40.3739860058
58.2357759476
79.1992030144
117.019153118
58.896638155
70.1086900234
61.9239728451
64.3627140522
64.0309398174
67.9446110725
64.3638198376
101.751178026
56.7148718834
70.2491369247
60.1992030144
60.8377218246
48.4250497818
84.8757021427
91.0200328827
52.4247829914
42.1785879135
88.5287380219
76.449559927
80.3460421562
76.3017280102
64.3271288872
74.5025069714
73.4925830364
70.9102361202
40.1638748646
84.8199808598
161.438778162
88.8663179874
46.0178129673
83.8108489513
100.184355021
74.7627561092
102.126227856
67.4789321423
40.5828230381
68.8375399113
68.3404610157
84.6803619862
72.9495739937
83.2490670681
103.307207108
62.7741661072
56.2904038429
70.3551549911
68.5644590855
82.6602349281
102.06307292
79.1988170147
72.0807390213
51.2628879547
66.4314200878
78.5713019371
127.157555103
87.5970110893
63.1234829426
45.9904091358
111.474189997
104.006251812
66.3732938766
122.10362196
64.2997610569
48.0724549294
70.0375158787
50.1598799229
69.3301739693
82.4742288589
80.1909759045
58.2508621216
48.8332679272
50.5415239334
69.4879088402
45.2899880409
86.3838150501
55.9728131294
61.2065279484
85.6373310089
88.9944050312
83.8044781685
71.1529819965
50.1359188557
65.225135088
130.785297871
72.8469331264
128.157111883
55.9952521324
63.271392107
42.5656900406
52.1877889633
66.460711956
100.116923809
66.2229599953
84.5984609127
74.5547292233
54.0586259365
84.6608760357
54.1761069298
54.4374630451
83.9111659527
66.835960865
68.9351718426
45.3901998997
66.4147121906
60.8462879658
63.9892749786
60.528026104
41.4019420147
66.4768900871
89.8821220398
61.5270171165
63.6534528732
63.3650929928
81.7742369175
70.9925861359
72.2507560253
79.241560936
99.9002690315
81.6646637917
82.9981458187
62.7170782089
45.1875309944
85.4098381996
80.388188839
57.1082139015
58.1276421547
122.353676796
69.585201025
62.8701930046
69.7562270164
49.1170711517
79.1734199524
98.7663168907
60.497781992
63.7052111626
75.5462651253
62.3107390404
85.557197094
44.2681560516
52.025687933
76.5829691887
67.4996709824
61.7872569561
72.6290988922
55.5745661259
146.514585018
60.6114079952
66.3751881123
68.0037090778
63.4651658535
71.5684390068
52.5649600029
74.2024149895
85.7247388363
59.8661329746
90.6715979576
72.4689588547
91.5123169422
46.0025660992
79.7714240551
86.8431408405
63.309956789
46.2140128613
60.9283008575
46.3447458744
47.5516841412
67.3895499706
57.5639410019
71.4602329731
52.7831370831
60.3650081158
69.8497471809
98.558109045
55.2975981236
70.7252619267
65.7168488503
123.028396845
55.9009110928
59.373800993
66.0761530399
74.409526825
76.1868281364
69.6706659794
70.7796530724
57.8955938816
70.6857221127
119.660721064
48.2102310658
59.6874251366
65.712939024
55.0588378906
102.330658913
81.8163938522
65.9367940426
75.8766238689
54.9364368916
56.5642778873
55.4725100994
57.9584989548
62.6317870617
54.2470538616
110.687634945
42.5550439358
63.2885499001
71.7501971722
47.3635849953
105.880803823
90.1381847858
76.2135491371
82.9114279747
76.82031703
45.3260879517
113.980440855
68.634237051
91.4643349648
92.6274278164
90.1487619877
137.240686893
51.7692110538
53.4601888657
95.3539218903
50.1505630016
44.7899181843
77.3084430695
56.2622339725
103.494655132
46.7490468025
100.662282944
68.6235899925
68.5675671101
42.4731080532
60.0132730007
85.2546811104
47.4578640461
77.7059321404
72.4991259575
62.4972159863
101.275760889
55.9010360241
108.855079174
50.6653130054
102.394761086
76.4884619713
91.2610681057
124.793642998
120.980507135
75.4161801338
106.069832087
57.5523808002
68.1953299046
78.5366950035
71.2233359814
51.755710125
61.546104908
111.463671207
58.4813108444
56.0586600304
64.4776329994
69.8378789425
61.3523690701
93.1977260113
64.3743751049
58.0785160065
58.0604000092
112.922911882
158.173918962
88.5815160275
86.6229131222
56.3384008408
72.4539129734
76.7495980263
101.64724803
49.0581409931
69.4626250267
58.1767618656
97.7696869373
59.6319448948
59.9910330772
53.6601440907
71.9520359039
49.1899590492
70.5486209393
85.5923171043
84.9800040722
74.5357630253
75.8956561089
78.4605419636
67.9699528217
87.4897069931
70.4466440678
58.9222550392
82.1451048851
70.52272892
51.6275379658
47.9014098644
90.43379879
55.8199198246
72.293653965
69.1850209236
198.187526941
51.4393630028
89.7500758171
96.2694051266
53.6092011929
59.012567997
97.2468600273
79.362637043
75.8037099838
109.579447031
68.8226270676
56.7868709564
82.4508211613
55.5763030052
126.220556974
113.093008041
85.3120641708
62.4644291401
62.3362979889
57.7594001293
77.2885150909
63.5678730011
71.6997778416
131.409996986
97.1453549862
54.0293140411
48.1590671539
95.316931963
72.6967759132
59.3408439159
50.2998139858
136.140609026
60.7938809395
83.6681652069
46.6600921154
63.8687648773
105.013020039
55.3993630409
72.4126229286
63.8790898323
91.6640059948
65.0091078281
57.6476621628
64.103058815
54.551194191
54.4943490028
66.0969460011
85.6637489796
61.6634349823
79.4007098675
118.612674952
62.2436189651
119.889918804
60.290610075
76.2278990746
50.6569991112
106.368981123
67.1752579212
72.3968188763
64.8304679394
67.9887619019
65.4823980331
53.0336530209
64.554831028
62.9908628464
83.378579855
67.1429231167
58.2059719563
61.254491806
55.4411320686
40.0282688141
63.6900081635
109.647933006
48.8185892105
66.8760840893
70.6567208767
99.2039778233
46.0679621696
112.857074022
54.5585911274
43.303647995
164.183627844
88.6748728752
47.114428997
48.3033809662
86.0364348888
52.2296991348
39.9046621323
66.4525620937
67.622677803
72.1727519035
107.676969051
92.3612909317
85.193144083
67.0717821121
66.641919136
58.6949319839
92.0115680695
81.5898151398
57.9207072258
49.6975200176
44.033891201
54.2586228848
78.3497679234
51.3143692017
54.2103121281
51.7222969532
82.9423639774
40.0364639759
64.5918130875
62.60648489
76.6889657974
95.1494181156
75.0485620499
74.9301791191
74.8236091137
75.3378310204
45.2123100758
97.8094699383
76.1788349152
83.7588911057
84.5580489635
57.9165630341
67.6853079796
80.7114439011
68.2335619926
99.2736680508
61.2985029221
73.1331031322
91.3119289875
71.3007040024
74.7524659634
82.112197876
100.293584108
63.2178649902
127.594397068
69.6321959496
83.0756318569
85.197024107
63.3568489552
42.7887721062
50.3070178032
62.5466599464
53.9936680794
56.2504031658
70.1364951134
46.3361899853
45.2215530872
83.8316099644
69.3390619755
52.1230239868
77.2021799088
72.0283129215
60.779499054
56.8853330612
43.5956339836
55.6779370308
47.2778589725
95.3317511082
46.5129721165
92.2205049992
62.4386849403
58.458935976
51.0747759342
39.4484980106
53.3385279179
82.4436759949
54.6880850792
59.3243999481
74.9357330799
54.524545908
52.1692559719
85.567964077
59.2596218586
58.3295989037
44.3545827866
55.9378829002
54.7215311527
69.3211519718
79.121076107
56.4264919758
91.7997121811
60.0847780704
72.6561927795
65.734128952
80.3181531429
61.1030349731
87.0984621048
98.3627409935
58.7372758389
48.9067587852
75.0692558289
65.0396850109
55.0875349045
58.6192510128
66.5422539711
88.8002490997
70.911550045
73.4689421654
124.481367111
64.3926999569
102.949188948
109.817559004
80.4703841209
60.3636419773
72.1978588104
63.0493519306
82.2347052097
71.8937458992
63.5605661869
72.5898461342
86.8899710178
60.6851818562
43.4569139481
59.382089138
62.9984760284
53.632363081
79.4700109959
77.3564739227
72.5395650864
70.3987531662
60.76572299
51.3512198925
46.5762829781
60.3316650391
71.2955491543
47.4115240574
53.8985359669
55.7913029194
57.6017329693
160.490917206
69.2754659653
93.3672149181
76.9825229645
84.5283279419
56.6349291801
81.0216238499
71.6828110218
109.975320101
81.4410581589
58.6800820827
84.0772850513
81.6436619759
59.2619409561
44.8946590424
60.7623000145
60.5144500732
66.7798640728
53.8565859795
60.3735129833
80.4304630756
88.3351829052
91.5679998398
78.5709991455
65.7198390961
52.0679349899
49.6163759232
113.187749863
65.604724884
60.671487093
100.576555014
68.9361240864
77.3387711048
66.6603841782
101.162584066
58.7118430138
54.5008599758
106.503435135
67.1959080696
66.0468018055
51.415802002
66.0674829483
64.4273238182
61.9920139313
108.353311062
57.147589922
62.2391939163
108.386430025
70.188215971
44.9714431763
69.9216320515
71.0275111198
71.3551838398
97.6463110447
53.6673519611
51.5338330269
61.4263038635
48.7083120346
50.7782478333
97.0227210522
138.620132923
71.6863658428
72.3412909508
74.3131091595
71.8763668537
55.6648211479
81.9516780376
83.9715900421
106.307923079
81.5535700321
104.84333396
54.3423321247
63.6336450577
78.005988121
36.1962361336
56.3547410965
98.5096440315
79.7705409527
80.3629689217
63.7424898148
51.2129731178
65.8490059376
58.6706969738
76.0078878403
44.0758049488
53.5105388165
59.2898240089
62.7139549255
65.532807827
64.7232120037
57.2532010078
98.5009288788
98.9362080097
57.9686851501
51.1288337708
61.0069959164
76.5398180485
148.848559856
49.8242800236
75.6601989269
55.2532269955
69.821352005
80.4653580189
66.8335549831
77.6563899517
50.9176139832
55.4898238182
52.9211640358
76.8262619972
49.1680471897
73.1143109798
74.4732589722
136.44769001
103.119663
70.0055270195
70.3004720211
72.1623280048
65.7573409081
93.6911401749
41.7479939461
60.3524069786
51.4696609974
60.3011240959
58.651911974
138.28026104
35.6797680855
101.729240894
53.0969018936
73.6473212242
93.1054670811
111.662618876
63.5925347805
76.4835050106
98.3223068714
75.8247108459
53.5401990414
49.2625768185
73.3685779572
70.9313869476
77.6560258865
57.2078809738
67.3829350471
46.1166820526
62.390157938
70.3983080387
53.6055271626
49.0877511501
46.1284270287
73.1451900005
58.1685318947
74.8114850521
85.407695055
94.1010260582
65.1983070374
84.950551033
63.3789141178
100.998162031
73.8699178696
88.7481739521
113.222409964
77.2779448032
62.7269339561
100.026268005
87.6945850849
112.367202044
65.0933821201
143.752052069
53.3993990421
61.0545508862
64.6605379581
71.4062929153
67.0117561817
80.2680728436
65.2513229847
53.7165830135
90.2218239307
42.2089328766
103.900599957
96.6416559219
150.409362078
67.5907821655
83.5290091038
38.4068799019
61.4381599426
73.1321249008
91.3691649437
95.0961630344
64.5555229187
72.0213670731
88.6113669872
53.9411211014
67.9332029819
72.1821098328
55.7207679749
63.0715339184
107.060917854
88.8301348686
82.0448021889
90.0040550232
53.4295809269
77.7767190933
97.6022911072
76.2205770016
48.8018321991
42.928221941
41.9017977715
69.4290890694
81.1097609997
59.7854678631
67.1703310013
53.9750800133
48.9024629593
54.5136678219
78.1842710972
53.4282200336
52.0562689304
53.9945950508
107.279502869
44.4782969952
68.4481451511
45.1559932232
107.92417407
54.522261858
50.8824169636
81.2977831364
62.1520180702
66.4526889324
57.6286809444
52.5943620205
51.0018229485
44.7108650208
77.8644812107
76.7196381092
56.4862048626
98.1262590885
53.8621580601
77.8113749027
69.6292381287
46.9982190132
65.9117569923
73.0583081245
52.9421160221
77.4556000233
61.9709069729
50.1828179359
55.6949551105
48.6693949699
68.5157079697
81.0651957989
90.4540479183
53.1245448589
52.7542560101
58.968214035
89.1665449142
67.7540631294
98.1527678967
99.8274531364
48.4063179493
64.9539599419
67.5857620239
55.7211761475
57.0053040981
61.7062079906
148.057410955
78.21311903
88.292083025
53.0628700256
73.8808438778
58.3718149662
44.6524271965
63.1589510441
44.0703220367
62.7666311264
84.3889319897
91.2486078739
72.9877169132
57.7787060738
58.0507729053
73.6587710381
106.752650976
60.9088261127
119.32444191
67.9315099716
78.1179480553
73.295787096
57.5920670033
122.806375027
119.544917822
50.2586040497
102.414163828
72.8745670319
57.5681619644
89.9516811371
71.8874051571
79.4101140499
84.6557769775
62.0122289658
91.861440897
88.8440010548
82.2662699223
86.8257989883
57.8763189316
51.0351560116
39.1650519371
65.8075881004
79.2588768005
48.5041439533
71.595690012
60.6972880363
100.975370884
52.7716798782
58.1142799854
70.7115089893
65.1226129532
84.4148077965
72.285255909
83.9502599239
40.9035770893
77.7233638763
66.9260828495
59.7551729679
54.5456600189
57.2534999847
64.586438179
77.2949008942
73.7926399708
80.5720489025
88.4651241302
77.2882950306
67.6532731056
82.156252861
64.304792881
80.4244329929
83.8158318996
78.4243409634
61.5478110313
65.3914220333
55.1756949425
82.1635770798
61.4716238976
55.0669369698
37.6084330082
64.1252369881
84.7375252247
49.9455580711
69.1628060341
67.2870399952
84.0283091068
137.998392105
61.3906059265
60.2698040009
108.790629148
123.050803185
51.9781279564
54.9968669415
50.4597799778
69.0871269703
40.3059558868
62.4028139114
76.6034691334
75.6896247864
79.071570158
64.5441689491
55.2224810123
81.8613550663
55.0786938667
84.7274138927
63.002368927
69.9467289448
120.59236598
60.6263289452
54.2765040398
99.4613749981
111.864440203
70.286741972
98.3584759235
147.712476969
68.906867981
88.7814350128
94.4445011616
61.7607738972
74.8301959038
61.9941470623
66.2830250263
57.1741950512
44.2840890884
101.478253126
53.6880378723
68.0107560158
58.9580161572
71.9138360023
60.2597689629
85.2778151035
75.8994731903
84.2196111679
75.6725978851
58.7565438747
113.152245045
67.212651968
86.1180391312
70.7047021389
68.8414320946
89.4146449566
79.2491288185
77.9352321625
81.8861010075
69.5224769115
56.5684309006
70.1208131313
98.7612631321
99.805202961
66.435532093
95.0983760357
132.937264919
69.6142110825
97.6853988171
73.1767969131
79.6141190529
60.4018800259
58.090362072
89.2224259377
63.822920084
72.5847771168
86.0349991322
66.0818989277
74.5733220577
131.074157
78.3844239712
66.8198311329
63.1931738853
82.0450081825
52.1956949234
60.2116980553
45.0722079277
59.576169014
64.1656508446
100.309711933
72.0670919418
74.8923590183
55.762075901
41.7385630608
49.8740990162
56.5141158104
75.8056409359
108.852338076
82.2273221016
86.1789340973
109.378973007
50.2497310638
47.7440998554
48.5338249207
73.6308598518
79.7733259201
103.883269072
64.3968629837
70.3627920151
75.8924360275
54.3583660126
101.912209034
85.3966941833
59.3090860844
60.6266920567
74.3257350922
61.7683830261
71.0696442127
93.6242570877
73.7256789207
68.8248670101
95.6985998154
44.2795171738
72.6637120247
73.2645549774
54.9225428104
105.667766094
109.969597816
68.9049859047
101.892451048
81.986189127
55.4599070549
79.7332179546
59.6956379414
67.3920068741
66.4329769611
71.4874219894
55.1892240047
59.4154629707
50.9234519005
90.9759781361
64.1407289505
45.5784771442
75.1957089901
92.485519886
52.140966177
93.7544410229
64.4093329906
62.3090820312
56.5613329411
72.1544971466
56.0548939705
140.114722967
65.9656391144
63.347413063
81.7976088524
57.8936731815
62.2728898525
95.0852599144
58.2189869881
76.8445539474
94.663944006
78.0402991772
45.7029337883
75.3520588875
38.9694910049
104.08217001
114.401493073
58.7156019211
95.8781940937
76.2425479889
49.8985238075
77.3740060329
47.240388155
49.5916960239
62.0302760601
76.7297520638
53.3251099586
66.0196781158
101.444736958
49.4965951443
62.1005740166
79.3871510029
67.4654951096
65.6539878845
39.3355741501
55.8422648907
53.8578689098
93.5639088154
57.1702620983
73.8011190891
77.6214029789
53.0942850113
69.9256939888
101.335403919
68.8835599422
51.8106541634
54.8449771404
62.0627291203
61.449447155
86.7821509838
54.3173029423
71.2220029831
73.1837060452
75.6065139771
76.3893251419
54.4290049076
79.2943148613
69.0487670898
83.220468998
57.1568961143
73.0356318951
78.3815732002
59.5986440182
55.1118299961
66.6432380676
95.9968640804
50.6301319599
71.8383989334
50.3874261379
65.285531044
56.0876469612
108.647018909
51.637513876
70.5984630585
66.9263231754
73.7315168381
64.4945869446
70.9750721455
87.9631938934
63.0320799351
41.504098177
75.9351811409
54.2767729759
104.483057022
56.3926830292
51.672659874
50.4721529484
62.6824531555
127.957608938
78.1340219975
87.2395439148
70.391561985
68.5479280949
63.1273050308
86.6421420574
59.4377188683
51.7019619942
48.9637880325
114.395195007
40.2151591778
90.2337641716
93.8216679096
67.1400468349
40.5829110146
63.2239780426
41.7184400558
106.864321947
115.94244194
52.0566129684
74.0946490765
62.4859089851
49.796279192
78.2898111343
64.0929040909
61.9251289368
60.31164217
89.1000819206
71.664014101
88.1782259941
104.575806856
65.2455201149
79.0101239681
64.4626250267
39.2453789711
52.0527219772
75.9361269474
78.6372799873
65.4037828445
88.6077370644
65.9828169346
64.1624698639
49.6743319035
59.2754230499
99.754472971
85.3594400883
77.0838987827
92.6794939041
89.7818140984
44.5813930035
75.6285698414
57.7761201859
50.6969079971
67.3522889614
72.3811500072
57.9014348984
75.1274311543
88.6722779274
107.638557911
53.3859629631
75.2919428349
110.53037405
68.4090549946
95.847481966
62.7315108776
66.5463769436
67.0911729336
69.1169321537
61.5620648861
95.2715718746
60.7876498699
56.1111598015
94.2410140038
53.3638150692
56.1129820347
42.4236531258
82.1892271042
140.626927853
90.1683659554
55.3480789661
58.0689148903
73.9525148869
49.4758460522
57.4981908798
67.6465308666
98.6794660091
80.5017549992
69.0271348953
63.013710022
42.0009329319
74.0356268883
55.8667428493
83.8580949306
41.6099660397
59.6621069908
74.1893639565
75.4295010567
56.4714739323
78.621286869
87.7554349899
64.0890939236
69.1117320061
98.4385268688
56.7891180515
56.73782897
82.7833151817
74.2863359451
159.403599977
79.760163784
81.0751891136
63.1205210686
63.531017065
51.0676968098
62.2372210026
50.377464056
81.5495021343
106.240218163
61.6379370689
81.0577278137
56.2436239719
52.9976530075
81.8472118378
60.3412311077
72.6503100395
54.9537298679
56.9234931469
47.1391208172
47.968421936
115.077570915
94.9464359283
50.1621580124
67.9463639259
55.3568379879
97.0840220451
67.6948399544
89.9328730106
75.7737009525
94.8693068027
56.927325964
85.2931098938
84.3419940472
71.4503979683
110.030205965
52.9152610302
61.310423851
107.807973146
53.2195351124
86.0121569633
55.0234148502
61.4654798508
107.609130859
48.4447011948
44.4884750843
83.31498909
50.5735549927
61.7989349365
56.4066569805
66.4380719662
62.5567109585
49.4795730114
56.4875471592
55.06042099
91.9311568737
84.1680471897
101.506284952
51.123513937
69.2871279716
72.4119849205
68.1657469273
65.2115569115
66.2844979763
96.982268095
87.4368150234
89.3673171997
71.4639592171
70.2187538147
49.2437748909
60.6914241314
46.902048111
75.2811758518
67.4059669971
96.9819710255
65.5166499615
59.7209010124
57.9809291363
39.4553148746
108.936375856
53.8964259624
56.0314548016
78.745650053
98.7495980263
68.0944709778
57.1882770061
63.577149868
85.169811964
60.6845059395
75.5320940018
111.975786924
63.4316751957
47.840731144
43.027328968
61.273597002
67.1138949394
86.1283378601
55.7522010803
78.3006048203
74.5881850719
56.8718969822
60.0401661396
58.1259019375
53.3150389194
94.4737608433
73.1175551414
68.9843089581
105.88843298
78.6493279934
87.366353035
92.8489561081
70.7179720402
84.156482935
54.4883768559
73.1286530495
53.0807409286
58.5896208286
79.2971420288
79.4652740955
59.1311190128
86.9333219528
51.6555299759
96.7535948753
76.7134871483
86.6994011402
92.6345410347
124.25245285
68.8189399242
49.8189220428
49.8291180134
113.308516979
79.3118510246
74.1581392288
93.723623991
82.4744079113
50.0085711479
63.4704740047
60.2625589371
64.2789452076
65.8522040844
47.3844921589
50.1773869991
80.9597220421
58.9240100384
65.050344944
59.1361098289
54.0676028728
88.2608840466
42.1011340618
106.611778975
70.6360869408
86.5006260872
55.2180759907
66.3897511959
73.986645937
99.029886961
57.7896690369
44.8658261299
115.590205193
49.3021819592
59.3145999908
51.4703030586
157.633314848
73.4200539589
66.7853808403
60.5271759033
84.8761379719
130.465203047
68.5358169079
49.0384440422
48.3522820473
56.198884964
98.240552187
97.9623250961
70.427945137
66.6204481125
50.303071022
52.3897089958
64.7234060764
126.500532866
96.9046828747
60.9639139175
45.5184619427
85.2672388554
90.9467020035
92.8643229008
62.3358380795
88.3446090221
59.7199277878
63.50274086
72.1619708538
47.7656369209
67.0951399803
74.6826000214
134.228398085
81.5345439911
68.6424548626
56.8789551258
86.3385660648
90.2305901051
62.0518770218
58.1321940422
57.4336709976
58.8512890339
137.406177998
76.5387940407
71.001732111
61.8517818451
81.3271288872
73.7107379436
67.4417068958
97.4738128185
66.8261239529
97.8760168552
74.615404129
62.707504034
103.532163143
65.9387891293
84.7813220024
64.9405989647
93.329944849
73.0522060394
67.9911520481
69.5842349529
40.7556738853
54.6856729984
56.137098074
61.9969220161
70.9915649891
104.612969875
65.8820970058
52.2828938961
86.5079679489
53.9045960903
96.2367091179
64.2993888855
72.2441308498
58.2933170795
90.5389659405
113.794606924
70.232241869
78.2403488159
86.3993270397
74.712321043
54.9943990707
74.15853405
53.313587904
51.3064820766
55.701611042
64.2070159912
64.6755819321
86.2060651779
99.4239609241
68.2886960506
82.8579158783
45.875510931
65.0154669285
74.9759349823
38.4980828762
82.3512060642
58.804033041
50.3871281147
112.312766075
50.301954031
58.2440690994
114.137892962
58.6760709286
78.9114360809
54.4939880371
85.4337658882
86.4850080013
74.8814837933
69.8497169018
72.4965610504
47.0722560883
50.1396131516
47.465170145
69.2349390984
67.5190579891
69.3478829861
65.9607448578
57.8059699535
68.3621530533
62.6310667992
54.2404561043
68.3459591866
96.4304540157
63.4430849552
96.2753260136
54.1486079693
78.7720370293
89.0973491669
45.9343240261
87.5123109818
62.8580071926
114.552287102
76.3444600105
63.9946451187
61.0418260098
69.3279259205
55.9068648815
70.0597400665
80.4127860069
96.2818651199
40.01532197
57.7489159107
51.5183029175
129.312260866
106.764230967
59.0243880749
40.5443110466
101.709176064
61.1182630062
56.3678710461
50.4857270718
92.7752718925
52.3493700027
60.0694499016
70.8846669197
78.981607914
93.4444720745
62.6312007904
76.9762330055
123.655788898
76.1786057949
99.7326741219
56.5567901134
65.7218642235
52.8595058918
73.7335038185
162.777257919
54.7913160324
69.219851017
71.9328248501
147.823877811
88.0284459591
82.3781030178
61.0494930744
69.8228139877
48.7085831165
89.628000021
68.4005861282
60.1480419636
85.2329959869
72.9334521294
80.2812991142
54.0238099098
78.6629719734
84.069742918
61.5856778622
70.9154150486
69.4531421661
53.7748670578
54.5584921837
61.8835790157
76.8645980358
51.5755660534
53.190320015
60.8114948273
112.113070965
67.1853601933
71.7064950466
69.4846470356
67.5122020245
72.3734900951
65.5419280529
54.8835339546
49.1457600594
65.7947328091
59.772356987
63.237803936
85.2288649082
63.9873290062
65.9713659286
53.1918520927
88.033205986
63.5482349396
86.4111499786
66.3129379749
56.2291209698
80.5954310894
143.955631971
75.3656151295
68.2305729389
49.84542799
65.7014868259
87.6258990765
47.0729379654
57.3321869373
65.3317751884
79.8479888439
106.492598057
59.9141659737
58.7561681271
65.5585558414
92.0235409737
49.3440289497
92.9875471592
62.2103178501
79.0506238937
83.5904769897
79.4707069397
54.8666460514
43.5331130028
74.7005238533
53.444008112
57.4853179455
75.6143059731
74.4446129799
60.0433769226
58.5563910007
81.9693920612
77.3169910908
79.8150479794
79.9081799984
80.4100110531
64.0920062065
80.992869854
54.4460270405
47.4322190285
82.7474148273
66.4258351326
72.6627061367
92.1292688847
80.523966074
72.6419708729
70.8695571423
79.2043061256
80.43948102
65.8021788597
72.9088561535
57.1123831272
65.1285181046
76.9667048454
92.7336800098
69.2671840191
108.766947985
72.3886599541
85.6907420158
91.1958119869
51.1135640144
80.6152300835
83.8559808731
49.2374339104
60.1418089867
112.453179836
71.2968850136
48.9499897957
66.2945678234
110.091771841
58.7813858986
60.6508338451
95.6515481472
94.6522190571
61.0487589836
73.5242450237
69.0370979309
68.6995298862
68.5995481014
67.0163300037
50.9280850887
127.213654041
63.6093039513
91.7377111912
76.3189599514
60.9691009521
69.7664749622
66.328979969
66.340515852
54.6457469463
73.0374851227
51.2691409588
61.9640140533
95.845746994
60.7345409393
82.9811620712
87.4310109615
105.337213039
82.4712750912
75.5689179897
93.1354379654
63.8945939541
85.1434791088
64.1848518848
82.3596498966
77.8593251705
59.5781929493
102.537344933
49.4893598557
70.3092370033
63.4067239761
57.3470299244
120.298913956
64.0986170769
71.5481669903
70.7267799377
56.7347891331
93.7565050125
96.687926054
68.5342381001
102.5009408
61.8412401676
80.9450800419
122.299649954
122.030200958
71.3336241245
57.0685760975
123.576292992
53.0888080597
114.555253029
73.4019508362
82.7805490494
86.7811660767
68.8395040035
98.0488739014
65.3399310112
62.6390650272
79.6494801044
84.8837149143
55.8848879337
81.7348701954
41.9368560314
127.82546401
87.6657011509
61.5148561001
92.0351419449
48.6112029552
87.0217068195
62.6767599583
81.7821190357
76.5599400997
80.6840901375
76.1243460178
87.7736899853
97.2443931103
74.3744490147
77.9919359684
69.9463160038
51.8017239571
96.5067050457
67.2066059113
63.1734130383
64.3353049755
64.6980221272
68.1924138069
54.2400710583
64.0647168159
50.5136859417
86.2730021477
60.1124248505
72.3196029663
61.2502269745
57.7359218597
58.6616680622
83.9401638508
39.940144062
42.5019879341
77.5713849068
70.3547768593
96.7473721504
73.5450611115
58.3678472042
60.3581960201
53.7929439545
53.8171191216
86.3156759739
109.912602186
58.2317340374
75.2926180363
65.7597858906
64.6465969086
70.4064669609
101.947188139
90.6815121174
112.678331852
53.5136160851
55.6444401741
120.306097031
73.7172050476
38.0185830593
47.0050702095
80.1445879936
64.1016509533
57.7968139648
85.0998718739
38.3111140728
62.1947140694
73.3910629749
91.0058851242
67.0609149933
73.1787891388
79.471529007
102.496121168
73.1751270294
73.9575359821
86.9033589363
85.1427659988
67.4674839973
46.8113501072
144.549801826
85.1961212158
61.8967440128
99.685644865
55.5690279007
64.3258900642
73.3533759117
110.211424112
79.2996611595
65.4234368801
65.6043889523
83.4733328819
144.681293964
51.3090159893
69.3790271282
109.136404037
77.7864089012
72.3477430344
44.2244570255
76.7303891182
71.4086458683
47.7372701168
63.8392820358
95.4066829681
68.2155990601
73.5470468998
64.119092226
55.2650411129
60.6985299587
45.6482088566
50.3633470535
66.8651928902
64.6242549419
151.033836842
59.2180800438
105.251343012
38.6777901649
86.2924859524
84.2516720295
131.566980124
57.4394490719
80.2980108261
86.1524410248
123.34590292
69.9761478901
65.3330698013
84.7004511356
69.068297863
86.88529706
93.364358902
42.5050919056
60.7652988434
56.8430888653
60.4422769547
99.9422650337
106.867126942
70.5888700485
92.2774679661
49.9093620777
67.7419998646
84.277878046
75.4371781349
66.7583808899
81.9850749969
81.3082518578
75.4806969166
41.7451279163
116.534412861
43.2616078854
52.9983818531
55.9398589134
56.8449339867
89.3964960575
111.401536942
74.201061964
61.8658618927
125.561184168
83.447229147
83.7189018726
73.7598400116
107.842604876
60.3488869667
98.833024025
85.1445198059
65.9519309998
83.5565361977
95.3531329632
47.1110258102
63.8320019245
69.2712380886
73.7085959911
90.227864027
47.1769468784
79.7172789574
93.818500042
51.643597126
78.99584198
51.3105280399
94.307033062
82.4251470566
86.406842947
80.2643327713
89.9384410381
73.3595690727
93.7633419037
69.4043829441
69.0053510666
46.0854458809
81.4979300499
67.612765789
64.109899044
52.8052089214
99.078856945
53.4258329868
54.7684090137
48.1804180145
51.9571459293
49.2300610542
113.263055801
84.320330143
62.1399259567
68.485421896
88.8186690807
84.8638131618
88.4848229885
60.1768629551
53.6439499855
95.9948401451
66.7219581604
77.7264640331
99.3436877728
95.9885060787
84.2463409901
77.0189809799
128.229937077
92.8862011433
60.8495509624
55.3536319733
69.8499319553
57.2863688469
55.8390979767
65.5129840374
43.0519020557
71.8248717785
63.343998909
79.4664289951
126.840858936
56.9532780647
77.5993418694
58.8875620365
119.767415047
58.1096558571
91.241904974
75.4238421917
89.310546875
84.7002279758
87.2075459957
55.3489000797
92.1387600899
99.7820091248
57.9304699898
54.1449952126
145.934231997
67.8667008877
105.224884033
56.3055689335
64.4205460548
43.5231580734
78.0752980709
95.1090970039
62.9246468544
48.2014260292
60.781539917
64.0477190018
63.5105130672
73.5356750488
61.484046936
63.9562499523
91.1986501217
86.0081231594
57.4894487858
55.7875199318
73.6794531345
46.2158899307
80.1209578514
58.1005599499
45.7629628181
71.8669149876
44.8090670109
86.1348440647
51.3391799927
105.834354877
58.9581170082
109.65602088
85.9800009727
54.0118401051
74.0212290287
58.6077051163
83.4088158607
91.7541549206
64.917247057
61.9571051598
88.1389110088
142.645534992
89.0422101021
55.9675569534
73.9808459282
80.0941538811
71.7132709026
135.060386896
66.9581980705
56.8842859268
80.60333395
54.3823280334
68.2875199318
73.7191312313
84.3124570847
109.77741003
53.6198978424
76.2532908916
54.2749137878
148.413228035
63.1189379692
84.7560648918
105.89474082
116.353595018
69.3167500496
54.7640309334
71.0529520512
91.8451352119
59.9054830074
82.9251258373
92.0738480091
87.2651000023
81.3333699703
65.8545970917
78.7141959667
70.5450229645
101.702535152
53.7597088814
93.9936580658
44.7678389549
56.3244810104
85.3660860062
78.8479020596
38.6272530556
82.0090758801
40.1705341339
109.864332199
100.423779011
48.8249640465
98.468724966
59.9654140472
50.369492054
107.184613943
66.7662730217
112.117511988
63.6157739162
60.6667599678
70.5413401127
56.1472611427
73.8543100357
60.6085059643
45.5943510532
75.9700880051
98.7559950352
71.9274358749
60.5628111362
86.694257021
88.333864212
66.1995098591
76.9532318115
54.9112739563
52.2589159012
81.7532160282
61.4354040623
78.9431359768
86.3143649101
103.667693138
68.871409893
84.5126550198
91.2017159462
47.8045730591
76.9684960842
65.2477030754
50.7598700523
65.8572840691
130.823303938
79.8184781075
52.1115829945
55.3086979389
48.0638711452
55.1734428406
81.5123331547
75.1033790112
97.9047410488
100.126792908
50.5430498123
68.1421809196
114.142053127
59.4209680557
90.8648641109
48.7952449322
73.5397100449
59.2342808247
47.7979371548
60.5761950016
85.9366931915
104.05301404
43.5546529293
45.2107951641
80.4032349586
107.643633842
64.7392399311
75.6426179409
63.4753739834
98.1889879704
108.241255999
68.0344231129
74.2031037807
84.6661200523
67.2038700581
61.5512111187
99.5897610188
99.4716479778
58.9050629139
92.5111911297
73.9046339989
70.8380131721
74.2938771248
94.2375209332
44.9044749737
66.3310098648
77.5348420143
55.5986790657
40.5758898258
109.247949123
78.4340779781
84.0849318504
53.6882958412
60.0812170506
108.150047064
86.2739849091
100.586141109
110.58239007
85.5371711254
69.2405679226
63.6717948914
50.0944371223
80.1162350178
90.3428089619
94.260723114
58.0313608646
70.4937560558
78.0895829201
95.4047391415
76.6346321106
110.902570009
70.3338580132
62.0184230804
80.348731041
128.608251095
67.1304979324
75.7003960609
93.5637569427
60.3950510025
99.6602189541
79.5876011848
55.620126009
67.5362620354
66.0704929829
58.6756448746
112.138253927
62.1180560589
62.2676839828
43.9772729874
89.5339181423
59.9151518345
54.6935870647
85.0502188206
62.671364069
82.0834519863
65.7788350582
70.9906408787
63.3790309429
68.6380698681
95.3638250828
90.995882988
58.429361105
92.2256219387
67.3155841827
76.6961741447
172.666844845
54.5812089443
84.1579668522
68.3520669937
82.0919699669
73.5507438183
58.6902048588
91.522110939
53.9265060425
57.1692450047
62.6029720306
99.5122189522
95.4958868027
73.9137399197
61.6303651333
113.558775187
64.6816020012
79.9632029533
61.9313681126
64.7184419632
80.6193261147
80.5586159229
86.4599230289
98.1969630718
57.5429179668
71.7752578259
104.021127939
88.9388830662
68.5781028271
86.1285860538
69.9931280613
63.4183959961
66.9651658535
98.1536550522
92.2563960552
50.9137458801
44.1459319592
54.7835741043
68.4480900764
83.1227068901
71.4553308487
44.7237949371
94.0801320076
69.2463800907
70.2141640186
108.489737034
62.8800330162
42.6835620403
93.9367969036
94.7445020676
103.91455102
78.5554008484
106.859159946
86.6255030632
78.7077279091
69.5945289135
93.8455040455
78.6549830437
68.0841031075
67.3669521809
101.24276495
78.6603498459
63.6306340694
65.1984951496
62.939538002
49.4932878017
70.9867408276
